0.188	0.160	0.145	0.177	0.100	0.185	0.269	0.264	0.323	0.457	0.491	0.317	0.155	0.469	0.655	0.735	0.772	0.773	0.728	0.643	0.564	0.525	0.477	0.411	0.343	0.253	0.260	0.375	0.485	0.601	0.668	0.687	0.702	0.701	0.630	0.502	0.372	0.240	0.115	0.073	0.125	0.160	0.286	0.418	0.392	0.283	0.118	0.108	0.328	0.467	0.493	0.400	0.283	0.285	0.313	0.393	0.535	0.641	0.739	0.785
0.244	0.227	0.217	0.212	0.108	0.158	0.227	0.208	0.274	0.430	0.482	0.318	0.109	0.430	0.621	0.706	0.748	0.754	0.713	0.631	0.553	0.522	0.485	0.426	0.351	0.256	0.312	0.466	0.581	0.674	0.715	0.713	0.716	0.711	0.641	0.518	0.389	0.248	0.112	0.009	0.066	0.115	0.258	0.388	0.353	0.235	0.070	0.161	0.376	0.506	0.526	0.431	0.301	0.283	0.320	0.409	0.549	0.656	0.753	0.798
0.333	0.323	0.300	0.235	0.089	0.144	0.207	0.137	0.099	0.291	0.373	0.243	0.109	0.404	0.584	0.673	0.724	0.740	0.709	0.632	0.567	0.563	0.550	0.492	0.380	0.284	0.430	0.614	0.715	0.766	0.767	0.733	0.714	0.698	0.627	0.514	0.387	0.262	0.220	0.213	0.180	0.149	0.245	0.351	0.312	0.226	0.183	0.285	0.454	0.554	0.561	0.464	0.317	0.269	0.321	0.415	0.544	0.658	0.760	0.807
0.272	0.269	0.253	0.182	0.111	0.201	0.262	0.231	0.088	0.122	0.200	0.154	0.280	0.485	0.616	0.689	0.739	0.759	0.734	0.670	0.621	0.628	0.613	0.525	0.357	0.315	0.538	0.713	0.791	0.812	0.786	0.730	0.684	0.643	0.563	0.453	0.318	0.232	0.295	0.330	0.302	0.260	0.308	0.372	0.329	0.252	0.217	0.300	0.445	0.517	0.506	0.408	0.261	0.225	0.267	0.333	0.457	0.603	0.730	0.785
0.082	0.081	0.102	0.124	0.202	0.279	0.290	0.267	0.190	0.116	0.093	0.174	0.372	0.525	0.613	0.666	0.711	0.732	0.721	0.687	0.659	0.658	0.618	0.486	0.270	0.327	0.589	0.753	0.816	0.821	0.776	0.701	0.630	0.550	0.445	0.328	0.186	0.197	0.310	0.360	0.362	0.359	0.410	0.447	0.397	0.292	0.153	0.149	0.312	0.380	0.370	0.285	0.185	0.224	0.238	0.231	0.300	0.463	0.629	0.702
0.162	0.136	0.090	0.115	0.278	0.375	0.370	0.317	0.244	0.158	0.091	0.148	0.282	0.377	0.445	0.504	0.562	0.598	0.620	0.636	0.640	0.635	0.554	0.362	0.089	0.341	0.611	0.760	0.812	0.800	0.730	0.629	0.529	0.398	0.275	0.215	0.190	0.314	0.391	0.417	0.423	0.435	0.477	0.502	0.475	0.421	0.291	0.073	0.141	0.236	0.250	0.194	0.170	0.226	0.231	0.230	0.244	0.342	0.502	0.585
0.367	0.332	0.266	0.202	0.295	0.372	0.378	0.337	0.263	0.178	0.146	0.117	0.040	0.054	0.159	0.264	0.347	0.412	0.477	0.512	0.516	0.515	0.428	0.254	0.141	0.384	0.619	0.758	0.803	0.778	0.687	0.559	0.423	0.246	0.202	0.284	0.343	0.446	0.462	0.443	0.426	0.439	0.487	0.515	0.504	0.504	0.423	0.218	0.020	0.137	0.146	0.102	0.117	0.145	0.195	0.263	0.308	0.375	0.504	0.576
0.646	0.615	0.545	0.434	0.385	0.382	0.381	0.376	0.377	0.410	0.464	0.467	0.419	0.383	0.391	0.425	0.452	0.476	0.485	0.429	0.326	0.304	0.309	0.318	0.363	0.471	0.625	0.750	0.794	0.766	0.678	0.559	0.417	0.220	0.199	0.325	0.398	0.465	0.432	0.387	0.369	0.394	0.443	0.458	0.446	0.475	0.425	0.245	0.076	0.110	0.090	0.075	0.107	0.216	0.358	0.454	0.514	0.568	0.655	0.703
0.828	0.807	0.749	0.655	0.591	0.560	0.538	0.533	0.555	0.616	0.683	0.697	0.658	0.616	0.618	0.642	0.651	0.646	0.600	0.469	0.229	0.096	0.295	0.439	0.534	0.588	0.660	0.754	0.800	0.785	0.724	0.637	0.502	0.278	0.090	0.230	0.319	0.362	0.294	0.231	0.205	0.236	0.277	0.272	0.264	0.324	0.315	0.216	0.123	0.097	0.066	0.128	0.230	0.381	0.520	0.615	0.677	0.716	0.765	0.792
0.897	0.881	0.834	0.766	0.726	0.714	0.694	0.676	0.677	0.714	0.770	0.787	0.751	0.701	0.700	0.719	0.721	0.704	0.643	0.508	0.278	0.148	0.340	0.507	0.615	0.657	0.688	0.757	0.807	0.808	0.772	0.707	0.588	0.402	0.201	0.047	0.081	0.108	0.055	0.071	0.081	0.095	0.090	0.091	0.134	0.171	0.181	0.166	0.145	0.106	0.045	0.091	0.231	0.390	0.519	0.627	0.701	0.736	0.764	0.781
0.904	0.889	0.848	0.797	0.772	0.768	0.747	0.718	0.708	0.733	0.781	0.800	0.761	0.692	0.656	0.644	0.635	0.623	0.577	0.484	0.348	0.296	0.408	0.540	0.633	0.678	0.712	0.771	0.822	0.838	0.820	0.769	0.681	0.564	0.457	0.361	0.300	0.276	0.315	0.329	0.316	0.299	0.262	0.234	0.213	0.171	0.162	0.178	0.208	0.218	0.184	0.089	0.077	0.205	0.306	0.444	0.567	0.628	0.655	0.671
0.882	0.866	0.834	0.803	0.789	0.777	0.742	0.701	0.694	0.721	0.763	0.774	0.713	0.591	0.480	0.425	0.426	0.455	0.465	0.456	0.431	0.417	0.471	0.558	0.630	0.683	0.736	0.796	0.844	0.871	0.866	0.830	0.770	0.699	0.647	0.612	0.586	0.566	0.548	0.480	0.395	0.330	0.262	0.196	0.163	0.173	0.209	0.216	0.249	0.290	0.282	0.212	0.114	0.066	0.035	0.099	0.292	0.435	0.513	0.547
0.872	0.857	0.830	0.813	0.807	0.796	0.770	0.740	0.733	0.751	0.775	0.754	0.659	0.549	0.497	0.481	0.483	0.500	0.514	0.504	0.473	0.471	0.539	0.620	0.677	0.719	0.764	0.815	0.861	0.891	0.892	0.864	0.819	0.772	0.746	0.738	0.729	0.709	0.667	0.556	0.392	0.245	0.127	0.085	0.137	0.176	0.218	0.212	0.243	0.293	0.301	0.260	0.215	0.235	0.251	0.138	0.118	0.336	0.474	0.527
0.879	0.866	0.839	0.818	0.811	0.811	0.806	0.792	0.777	0.780	0.786	0.735	0.623	0.584	0.631	0.650	0.637	0.619	0.602	0.540	0.433	0.413	0.522	0.620	0.675	0.710	0.751	0.807	0.858	0.891	0.895	0.871	0.829	0.786	0.766	0.768	0.772	0.764	0.731	0.627	0.431	0.209	0.065	0.130	0.189	0.172	0.187	0.192	0.207	0.226	0.210	0.183	0.163	0.187	0.214	0.125	0.204	0.416	0.547	0.595
0.843	0.831	0.806	0.781	0.768	0.773	0.779	0.775	0.759	0.758	0.752	0.680	0.553	0.556	0.656	0.692	0.669	0.630	0.600	0.508	0.331	0.265	0.393	0.497	0.551	0.607	0.695	0.788	0.853	0.891	0.900	0.884	0.849	0.807	0.781	0.776	0.779	0.774	0.751	0.664	0.494	0.322	0.253	0.237	0.254	0.204	0.130	0.109	0.084	0.055	0.076	0.178	0.190	0.082	0.041	0.156	0.355	0.533	0.638	0.677
0.729	0.717	0.702	0.680	0.658	0.655	0.664	0.671	0.665	0.673	0.662	0.574	0.441	0.494	0.627	0.669	0.630	0.563	0.510	0.400	0.179	0.087	0.214	0.299	0.343	0.444	0.612	0.755	0.837	0.886	0.903	0.898	0.879	0.850	0.826	0.807	0.792	0.769	0.726	0.631	0.501	0.417	0.370	0.297	0.275	0.237	0.133	0.058	0.116	0.173	0.240	0.304	0.289	0.205	0.192	0.313	0.482	0.625	0.710	0.743
0.523	0.517	0.525	0.508	0.471	0.447	0.452	0.479	0.498	0.527	0.523	0.440	0.321	0.428	0.574	0.615	0.566	0.481	0.396	0.282	0.162	0.189	0.097	0.045	0.128	0.284	0.514	0.693	0.792	0.856	0.886	0.894	0.890	0.874	0.849	0.814	0.779	0.737	0.666	0.555	0.467	0.433	0.372	0.265	0.221	0.216	0.145	0.125	0.248	0.319	0.353	0.362	0.336	0.327	0.370	0.460	0.586	0.695	0.764	0.791
0.253	0.256	0.284	0.270	0.230	0.205	0.230	0.291	0.339	0.377	0.380	0.312	0.207	0.344	0.484	0.523	0.506	0.467	0.397	0.349	0.366	0.382	0.273	0.219	0.263	0.320	0.478	0.631	0.726	0.799	0.842	0.860	0.867	0.854	0.820	0.762	0.705	0.651	0.579	0.481	0.436	0.422	0.361	0.260	0.169	0.173	0.133	0.094	0.235	0.306	0.341	0.371	0.383	0.429	0.494	0.562	0.650	0.725	0.774	0.795
0.162	0.157	0.131	0.078	0.042	0.061	0.109	0.174	0.257	0.320	0.324	0.242	0.101	0.233	0.345	0.372	0.405	0.439	0.418	0.427	0.473	0.491	0.424	0.383	0.418	0.485	0.583	0.661	0.700	0.740	0.775	0.794	0.807	0.795	0.751	0.670	0.589	0.536	0.502	0.433	0.389	0.385	0.360	0.284	0.199	0.211	0.161	0.048	0.193	0.284	0.375	0.442	0.456	0.500	0.574	0.635	0.697	0.745	0.778	0.793
0.106	0.117	0.096	0.112	0.098	0.031	0.120	0.151	0.209	0.280	0.300	0.223	0.053	0.113	0.181	0.178	0.238	0.311	0.316	0.360	0.440	0.497	0.471	0.432	0.471	0.584	0.686	0.730	0.721	0.702	0.694	0.691	0.699	0.674	0.613	0.506	0.410	0.390	0.417	0.384	0.328	0.291	0.285	0.243	0.258	0.305	0.227	0.033	0.172	0.330	0.467	0.535	0.527	0.534	0.601	0.666	0.718	0.753	0.782	0.796
0.125	0.132	0.141	0.162	0.113	0.091	0.265	0.307	0.263	0.237	0.230	0.175	0.087	0.058	0.069	0.071	0.120	0.149	0.144	0.211	0.329	0.432	0.442	0.420	0.471	0.594	0.691	0.727	0.703	0.645	0.588	0.554	0.539	0.485	0.403	0.298	0.242	0.289	0.348	0.321	0.241	0.145	0.108	0.178	0.300	0.340	0.242	0.061	0.186	0.374	0.526	0.589	0.567	0.537	0.583	0.647	0.695	0.714	0.733	0.746
0.270	0.244	0.205	0.145	0.036	0.196	0.405	0.475	0.432	0.357	0.261	0.129	0.059	0.063	0.101	0.159	0.165	0.110	0.057	0.073	0.207	0.329	0.363	0.373	0.421	0.516	0.599	0.644	0.636	0.571	0.487	0.423	0.375	0.306	0.251	0.218	0.229	0.299	0.345	0.299	0.189	0.113	0.136	0.243	0.301	0.289	0.189	0.050	0.155	0.345	0.507	0.572	0.541	0.485	0.498	0.543	0.586	0.592	0.601	0.614
0.478	0.431	0.329	0.174	0.070	0.258	0.448	0.517	0.497	0.452	0.369	0.226	0.114	0.117	0.164	0.216	0.237	0.233	0.202	0.155	0.186	0.258	0.288	0.316	0.319	0.345	0.409	0.484	0.524	0.493	0.424	0.350	0.282	0.238	0.267	0.330	0.401	0.461	0.471	0.400	0.300	0.293	0.322	0.342	0.301	0.243	0.151	0.045	0.092	0.256	0.407	0.463	0.432	0.384	0.397	0.426	0.461	0.469	0.488	0.508
0.669	0.623	0.499	0.309	0.175	0.299	0.459	0.517	0.513	0.502	0.456	0.369	0.301	0.287	0.284	0.285	0.290	0.287	0.248	0.177	0.140	0.176	0.245	0.312	0.280	0.200	0.176	0.259	0.352	0.379	0.352	0.300	0.255	0.265	0.353	0.454	0.534	0.576	0.574	0.509	0.442	0.438	0.434	0.395	0.317	0.261	0.191	0.084	0.016	0.105	0.230	0.285	0.297	0.318	0.360	0.377	0.417	0.448	0.475	0.491
0.805	0.767	0.649	0.461	0.312	0.382	0.495	0.533	0.533	0.540	0.513	0.478	0.458	0.461	0.459	0.445	0.436	0.406	0.329	0.214	0.080	0.094	0.225	0.311	0.308	0.253	0.137	0.030	0.176	0.248	0.257	0.246	0.249	0.316	0.424	0.511	0.569	0.595	0.598	0.565	0.522	0.502	0.478	0.430	0.369	0.326	0.254	0.112	0.035	0.094	0.147	0.234	0.327	0.389	0.400	0.378	0.415	0.454	0.465	0.468
0.873	0.843	0.750	0.602	0.482	0.515	0.582	0.597	0.600	0.608	0.581	0.562	0.566	0.596	0.617	0.616	0.608	0.573	0.482	0.340	0.160	0.008	0.142	0.253	0.314	0.322	0.250	0.132	0.101	0.161	0.185	0.210	0.258	0.352	0.447	0.504	0.526	0.516	0.510	0.505	0.481	0.464	0.466	0.444	0.391	0.352	0.309	0.211	0.138	0.199	0.268	0.366	0.449	0.468	0.422	0.364	0.396	0.448	0.459	0.457
0.886	0.861	0.792	0.692	0.612	0.618	0.646	0.649	0.661	0.675	0.654	0.642	0.659	0.700	0.726	0.729	0.711	0.662	0.562	0.415	0.242	0.115	0.040	0.156	0.229	0.242	0.190	0.090	0.106	0.181	0.202	0.231	0.283	0.362	0.421	0.451	0.441	0.392	0.379	0.388	0.354	0.340	0.384	0.396	0.367	0.374	0.390	0.353	0.300	0.315	0.370	0.452	0.511	0.497	0.427	0.368	0.387	0.420	0.420	0.416
0.858	0.836	0.787	0.734	0.685	0.668	0.667	0.667	0.685	0.704	0.695	0.692	0.718	0.761	0.785	0.784	0.752	0.682	0.569	0.426	0.292	0.220	0.127	0.093	0.099	0.040	0.072	0.178	0.269	0.299	0.297	0.312	0.335	0.371	0.414	0.459	0.468	0.446	0.453	0.435	0.345	0.265	0.261	0.300	0.327	0.365	0.379	0.364	0.350	0.355	0.397	0.460	0.499	0.463	0.386	0.339	0.337	0.320	0.289	0.279
0.775	0.752	0.718	0.703	0.673	0.646	0.626	0.621	0.642	0.667	0.677	0.696	0.741	0.790	0.814	0.809	0.767	0.687	0.575	0.434	0.327	0.276	0.205	0.168	0.172	0.221	0.326	0.406	0.423	0.400	0.390	0.417	0.435	0.448	0.495	0.562	0.604	0.611	0.607	0.559	0.461	0.365	0.271	0.246	0.289	0.307	0.279	0.269	0.288	0.289	0.322	0.370	0.398	0.360	0.290	0.244	0.220	0.159	0.106	0.094
0.596	0.564	0.525	0.528	0.513	0.493	0.466	0.461	0.487	0.520	0.543	0.587	0.664	0.741	0.787	0.792	0.747	0.660	0.538	0.375	0.278	0.241	0.185	0.180	0.223	0.337	0.471	0.532	0.506	0.462	0.456	0.499	0.526	0.533	0.569	0.621	0.666	0.674	0.656	0.605	0.538	0.477	0.390	0.341	0.372	0.355	0.279	0.253	0.285	0.284	0.286	0.280	0.265	0.228	0.204	0.159	0.121	0.080	0.064	0.069
0.377	0.336	0.269	0.266	0.291	0.307	0.295	0.305	0.306	0.280	0.276	0.343	0.456	0.584	0.687	0.727	0.702	0.626	0.499	0.307	0.197	0.176	0.121	0.130	0.218	0.386	0.535	0.583	0.538	0.484	0.486	0.540	0.568	0.556	0.559	0.576	0.614	0.639	0.640	0.617	0.584	0.543	0.471	0.441	0.488	0.483	0.418	0.406	0.449	0.451	0.429	0.354	0.226	0.091	0.124	0.091	0.086	0.125	0.184	0.215
0.256	0.218	0.126	0.076	0.200	0.272	0.301	0.330	0.306	0.200	0.057	0.090	0.225	0.406	0.575	0.660	0.677	0.638	0.536	0.356	0.218	0.193	0.161	0.175	0.272	0.421	0.552	0.601	0.568	0.524	0.525	0.566	0.578	0.557	0.529	0.487	0.480	0.517	0.553	0.576	0.589	0.563	0.493	0.482	0.558	0.598	0.577	0.584	0.623	0.619	0.577	0.458	0.263	0.043	0.127	0.090	0.054	0.185	0.312	0.362
0.192	0.153	0.092	0.034	0.117	0.188	0.237	0.284	0.285	0.253	0.215	0.118	0.084	0.334	0.539	0.642	0.681	0.675	0.615	0.490	0.369	0.301	0.288	0.313	0.370	0.453	0.550	0.612	0.616	0.593	0.588	0.604	0.605	0.587	0.531	0.404	0.291	0.337	0.427	0.503	0.552	0.526	0.439	0.419	0.531	0.631	0.660	0.684	0.713	0.699	0.631	0.478	0.264	0.080	0.156	0.126	0.048	0.209	0.360	0.418
0.228	0.179	0.124	0.096	0.070	0.102	0.133	0.165	0.190	0.247	0.296	0.222	0.150	0.362	0.546	0.634	0.675	0.688	0.663	0.592	0.514	0.439	0.407	0.400	0.416	0.476	0.560	0.634	0.673	0.667	0.655	0.655	0.656	0.634	0.553	0.370	0.106	0.194	0.359	0.442	0.471	0.419	0.302	0.260	0.441	0.623	0.704	0.741	0.757	0.725	0.633	0.483	0.323	0.169	0.119	0.085	0.130	0.282	0.411	0.468
0.292	0.245	0.170	0.110	0.094	0.136	0.128	0.100	0.143	0.248	0.304	0.230	0.218	0.376	0.498	0.567	0.616	0.646	0.641	0.605	0.561	0.496	0.446	0.405	0.429	0.511	0.581	0.645	0.696	0.695	0.681	0.680	0.692	0.661	0.557	0.371	0.172	0.256	0.366	0.385	0.359	0.296	0.189	0.038	0.343	0.606	0.734	0.780	0.785	0.737	0.627	0.488	0.388	0.275	0.184	0.175	0.259	0.355	0.423	0.466
0.289	0.244	0.154	0.075	0.099	0.153	0.122	0.095	0.171	0.274	0.291	0.213	0.232	0.320	0.371	0.426	0.494	0.544	0.554	0.537	0.521	0.464	0.403	0.364	0.450	0.559	0.607	0.647	0.694	0.688	0.670	0.675	0.699	0.663	0.547	0.399	0.315	0.361	0.382	0.372	0.357	0.345	0.298	0.143	0.310	0.601	0.759	0.813	0.811	0.749	0.618	0.466	0.397	0.334	0.275	0.285	0.357	0.413	0.410	0.423
0.253	0.209	0.116	0.081	0.125	0.159	0.121	0.116	0.203	0.294	0.289	0.198	0.205	0.264	0.288	0.340	0.422	0.485	0.503	0.494	0.487	0.430	0.365	0.338	0.461	0.576	0.616	0.647	0.690	0.681	0.663	0.672	0.705	0.669	0.555	0.428	0.371	0.396	0.391	0.391	0.399	0.404	0.364	0.201	0.297	0.592	0.763	0.823	0.820	0.753	0.612	0.450	0.388	0.345	0.304	0.322	0.389	0.436	0.408	0.405
